coset_generator: 7 225 35 117 98 34 247 94 225 73 148 125 37 14 61 136 168 179 67 183 36 173 162 229 159 150 255 210 45 111 111 49 
trace_generator: 4 9 220 104 188 89 81 105 34 239 113 231 185 224 219 151 206 96 239 74 34 241 165 201 188 150 198 250 21 33 113 112 
GetBaseGenerator: 7 255 255 255 255 255 249 176 255 255 255 255 255 255 255 255 255 255 255 255 255 255 255 255 255 255 255 255 255 255 255 161 
coset_generator: 0xc92ecbfd121b58bc7924d5dd51a717c4d78992d0e87cd59f1bc8d7ff0cb347trace_generator: 0xfcad19556f9b8587781ce1b03a097efa6682256f9ddbcfdab65dbdd4af20fGetBaseGenerator: 0x3Commit on original main
0x25fbf558458959c672b5ac89659e9d8b3affee6a2effc91d44b21afdfc20424e 
Commit on interaction main
0x28ad0bf228eb5490bccc062fe7cdb721ccd9714345d9018f0a2854a31243b72 
composition_eval: 0 211 89 85 133 113 189 152 247 185 60 53 96 207 13 75 51 150 45 136 188 180 134 16 156 61 113 97 191 169 248 52 
composition_eval: 7 9 153 93 192 141 81 244 60 167 43 149 183 161 23 87 72 251 249 208 113 75 244 231 65 89 25 65 235 55 171 119 
composition_eval: 6 11 12 40 110 155 21 10 129 192 100 66 11 75 231 160 30 176 80 61 157 3 143 13 231 201 234 248 195 246 70 206 
composition_eval: 7 142 81 252 198 43 162 157 119 11 48 203 93 90 111 254 196 119 2 59 204 155 177 36 222 141 238 190 144 177 82 68 
composition_eval: 0 156 77 163 81 252 49 67 41 65 102 142 147 27 176 73 45 117 176 160 35 170 241 200 137 251 128 44 91 136 194 64 
composition_eval: 3 238 191 66 245 107 163 177 222 116 31 116 56 206 137 230 152 215 164 45 185 194 140 247 233 218 255 248 146 85 6 18 
composition_eval: 5 113 174 97 235 107 69 3 215 195 76 61 96 236 121 166 3 231 46 82 145 153 91 22 35 66 77 84 49 8 246 121 
composition_eval: 4 165 160 160 223 237 233 117 52 173 166 28 160 186 136 215 56 38 38 139 29 29 223 197 81 33 122 61 1 26 160 59 
composition_eval: 0 166 150 193 155 180 204 160 152 226 41 130 54 123 92 121 128 216 174 191 206 58 243 132 15 47 96 165 154 4 208 246 
composition_eval: 0 49 13 84 52 135 57 30 41 95 225 232 177 74 238 154 68 77 85 231 131 174 183 189 33 246 69 49 199 63 32 15 
composition_eval: 3 161 84 76 105 39 216 86 180 123 151 173 61 161 42 85 219 79 25 188 43 0 82 182 38 155 233 50 153 239 62 141 
composition_eval: 0 250 22 167 175 86 146 194 74 216 12 186 28 99 184 207 234 233 37 208 143 213 128 209 151 105 55 249 189 147 114 87 
composition_eval: 0 244 223 98 251 194 213 234 245 73 110 95 198 94 46 235 219 145 108 176 152 204 197 197 130 56 179 119 101 125 103 32 
composition_eval: 7 214 198 113 255 99 96 74 125 10 205 134 8 177 174 57 207 96 200 21 72 124 20 60 215 45 100 6 240 229 244 118 
composition_eval: 3 17 24 131 144 120 174 214 99 175 195 98 122 88 196 50 96 55 19 65 184 188 254 29 12 106 88 132 219 126 168 6 
composition_eval: 1 100 131 243 106 111 144 72 31 185 94 244 191 15 44 238 148 74 100 187 8 29 86 182 68 108 141 116 104 219 34 96 
composition_eval: 5 43 91 116 31 85 16 55 251 216 28 48 128 185 92 83 180 189 110 44 42 164 173 218 100 164 30 123 44 85 24 117 
composition_eval: 1 188 190 141 197 2 56 12 136 129 212 66 18 244 215 221 156 55 248 190 115 128 147 117 163 228 83 131 105 22 251 68 
composition_eval: 7 40 86 50 61 161 61 49 151 134 111 114 144 217 81 45 61 192 66 108 47 197 15 162 178 208 157 200 12 120 176 194 
composition_eval: 0 46 16 241 218 65 228 110 50 191 135 26 119 144 91 88 202 164 60 56 44 252 103 255 178 153 81 196 15 118 120 1 
composition_eval: 0 39 216 206 241 35 97 183 180 87 203 62 216 78 196 15 97 130 171 242 235 133 182 194 223 209 135 208 99 214 53 147 
composition_eval: 4 212 8 234 234 179 184 176 214 20 110 59 227 207 123 59 207 103 56 100 190 54 115 46 41 122 21 193 64 159 82 47 
composition_eval: 2 31 20 142 243 161 1 30 0 210 152 131 45 82 116 150 76 252 228 156 250 36 233 92 23 77 69 19 57 1 44 0 
composition_eval: 7 34 49 180 61 2 112 25 115 219 178 178 3 221 102 223 41 203 34 216 233 88 89 6 106 51 77 154 175 226 145 64 
composition_eval: 0 99 190 35 195 128 245 228 143 249 83 99 54 207 165 220 253 227 233 82 13 136 141 234 107 125 212 95 125 212 252 136 
composition_eval: 1 241 165 172 188 23 95 249 55 46 106 96 236 106 241 170 98 5 166 249 155 39 231 99 27 232 230 57 120 251 126 155 
composition_eval: 0 113 76 223 90 208 13 214 50 244 127 43 91 208 24 206 154 191 90 163 237 153 214 62 126 79 147 41 169 15 59 243 
composition_eval: 4 110 4 172 218 133 236 83 248 247 144 111 122 154 221 165 239 136 63 234 103 80 162 200 180 165 206 100 129 38 136 246 
composition_eval: 3 121 236 51 174 49 222 123 204 0 154 128 68 103 245 1 105 231 217 151 87 187 246 76 220 84 62 130 164 204 122 28 
composition_eval: 3 165 11 219 13 248 210 173 222 118 216 169 232 67 228 217 10 58 243 221 29 102 78 182 10 179 95 46 85 128 24 238 
composition_eval: 5 22 202 55 127 52 68 24 37 140 1 251 51 239 236 21 124 208 249 239 134 154 229 95 24 188 208 93 115 92 103 164 
composition_eval: 5 186 65 165 156 39 170 50 63 17 117 238 232 6 176 37 152 66 42 126 163 60 21 121 143 209 22 251 200 27 9 163 
composition_eval: 0 53 56 140 74 209 159 44 46 174 34 68 142 44 243 87 37 126 148 138 195 133 117 34 246 210 207 114 8 54 253 192 
composition_eval: 6 9 164 187 207 116 90 181 230 150 36 125 90 236 207 26 248 102 11 102 11 86 180 171 54 249 79 254 162 159 245 226 
composition_eval: 3 92 148 48 113 199 24 102 23 22 58 193 139 100 196 174 68 163 56 165 206 237 180 204 85 227 198 111 5 89 207 226 
composition_eval: 1 191 200 250 74 228 179 172 50 122 227 85 24 27 217 204 72 133 113 102 154 94 119 243 114 86 65 165 210 44 32 113 
composition_eval: 0 210 207 127 98 54 58 8 195 204 181 89 137 132 234 45 117 131 34 23 171 157 46 29 97 224 22 91 63 89 112 76 
composition_eval: 1 82 35 2 4 92 39 198 70 5 222 144 131 67 17 25 53 157 49 48 148 152 187 78 235 217 155 210 188 30 20 233 
composition_eval: 5 142 137 108 111 96 181 248 168 254 189 243 46 150 45 142 14 48 159 109 218 226 147 47 105 46 189 120 115 140 177 134 
composition_eval: 5 117 83 121 31 216 165 95 16 85 127 124 63 65 121 196 129 156 3 182 111 98 84 42 241 255 35 238 89 236 186 107 
composition_eval: 4 170 32 103 91 183 209 133 63 14 55 87 22 229 93 157 111 67 86 69 255 32 104 253 109 65 85 90 157 5 106 46 
composition_eval: 0 15 92 64 60 85 17 87 182 242 37 69 143 240 199 217 8 60 103 160 200 124 89 2 69 150 110 120 166 44 39 119 
composition_eval: 6 163 56 2 39 176 81 58 84 151 197 126 153 231 51 243 30 210 244 138 233 190 155 240 70 222 170 30 114 108 148 144 
composition_eval: 6 227 80 124 39 28 21 65 123 102 185 11 5 210 39 66 105 41 251 119 133 139 238 244 27 127 188 212 224 157 210 248 
composition_eval: 7 208 10 78 94 72 223 197 203 68 182 243 132 230 192 71 100 204 48 188 162 92 221 66 73 102 217 72 99 174 38 83 
composition_eval: 0 0 163 67 62 21 114 159 156 184 33 140 39 47 47 101 227 116 81 40 4 190 159 193 32 248 158 245 150 8 108 237 
composition_eval: 7 84 205 169 117 189 206 219 97 53 188 29 120 126 241 102 124 96 204 69 15 227 6 177 31 242 36 192 20 95 187 156 
composition_eval: 1 85 26 77 60 161 183 209 179 212 157 197 102 246 42 116 28 91 36 12 112 251 108 97 157 2 158 201 238 169 89 31 
composition_eval: 4 71 67 43 199 204 227 187 80 27 227 178 129 18 14 248 208 67 150 189 146 101 128 108 167 31 8 178 50 64 150 128 
composition_eval: 3 94 70 53 157 173 133 79 6 80 255 114 120 204 5 4 149 170 90 11 22 212 3 18 169 201 232 145 138 62 196 191 
composition_eval: 1 153 29 211 119 108 192 118 6 245 49 110 48 68 203 176 141 179 78 251 128 5 32 71 175 22 23 95 82 72 102 81 
composition_eval: 2 49 95 191 216 162 199 204 145 191 152 36 73 165 179 51 96 150 177 71 81 94 125 67 164 97 174 11 50 17 65 57 
composition_eval: 6 203 60 172 214 228 11 90 119 250 200 117 210 83 149 198 71 179 108 106 229 221 100 222 211 16 5 110 146 68 136 12 
composition_eval: 1 129 209 131 68 169 15 228 52 120 147 163 26 134 1 16 14 209 220 59 193 202 196 156 82 70 95 17 20 34 8 94 
composition_eval: 0 228 66 145 111 111 238 250 231 255 17 24 26 49 25 168 211 44 4 239 76 186 78 193 85 116 180 82 1 10 91 55 
composition_eval: 4 245 116 26 28 230 28 18 62 138 180 251 81 179 30 61 148 58 129 76 145 113 223 250 148 231 102 175 216 164 67 26 
composition_eval: 7 3 191 69 237 42 105 209 140 133 189 23 54 159 31 211 141 94 3 48 97 35 27 199 157 11 180 94 152 192 102 85 
composition_eval: 5 100 149 96 25 96 146 191 23 167 210 212 22 239 129 161 241 82 127 210 66 58 53 110 230 117 237 76 190 223 136 191 
composition_eval: 4 217 63 121 61 99 216 193 12 204 208 103 167 189 126 209 255 119 25 141 201 91 237 133 187 157 109 196 250 164 7 193 
composition_eval: 6 240 169 75 69 216 222 178 73 121 65 22 236 59 190 180 131 58 176 157 136 191 183 41 51 35 6 192 40 120 59 245 
composition_eval: 4 63 226 119 164 247 44 150 156 20 138 235 178 191 0 248 82 121 98 148 153 153 88 109 236 153 66 7 34 176 82 204 
composition_eval: 2 183 231 252 174 151 172 27 161 76 16 27 80 10 205 105 149 102 96 179 176 150 27 56 245 80 60 196 190 160 79 159 
composition_eval: 3 30 226 31 53 26 226 125 77 114 61 89 113 173 17 134 63 124 243 67 242 87 128 240 133 225 27 29 117 83 194 123 
composition_eval: 6 125 109 185 99 153 63 2 206 103 80 246 101 202 238 42 239 111 3 13 129 250 252 136 140 247 115 167 144 211 136 207 
composition_eval: 7 40 226 141 203 4 70 101 125 149 149 93 186 147 36 192 51 208 37 193 38 109 44 69 222 200 105 68 177 54 223 130 
composition_eval: 6 61 234 168 178 186 123 122 239 92 172 14 217 236 44 128 32 34 47 94 78 101 168 39 14 7 117 81 116 254 118 212 
composition_eval: 1 235 118 103 189 118 43 143 234 10 185 92 193 7 225 148 29 188 87 137 0 108 116 174 183 242 197 106 166 67 159 216 
composition_eval: 4 87 119 181 75 51 70 64 249 147 30 24 99 253 218 209 50 200 10 129 108 226 109 137 225 51 26 186 29 233 121 237 
composition_eval: 2 151 18 183 234 196 198 218 158 248 28 185 59 214 114 102 117 4 74 48 180 141 24 23 169 124 209 91 217 130 37 150 
composition_eval: 2 96 205 8 52 26 252 111 33 70 28 148 70 53 184 250 107 232 215 111 151 76 244 36 72 46 57 154 222 126 4 240 
composition_eval: 7 110 72 247 254 178 216 66 39 54 150 14 221 58 212 207 240 244 79 141 217 158 130 151 0 142 181 134 127 42 17 77 
composition_eval: 0 64 54 1 62 127 16 73 43 227 170 173 190 167 28 134 202 80 68 129 234 140 255 78 246 193 96 208 157 99 218 184 
composition_eval: 1 70 68 110 11 53 65 65 74 114 33 28 248 88 21 229 214 178 4 225 70 88 116 250 217 251 4 16 15 127 61 6 
composition_eval: 6 197 57 15 229 49 101 237 127 31 44 130 233 239 79 93 100 104 179 214 82 41 246 233 156 242 61 144 38 80 179 188 
composition_eval: 1 56 212 201 162 136 151 12 199 31 15 98 156 225 208 60 155 160 216 111 119 21 242 200 117 18 109 121 122 245 209 24 
composition_eval: 2 69 121 23 251 157 83 82 148 54 101 206 33 190 57 40 169 164 26 206 75 90 76 93 170 11 223 132 244 70 138 143 
composition_eval: 6 210 182 212 161 122 156 209 117 15 181 2 189 106 51 244 238 157 4 108 11 158 96 117 169 46 17 76 121 37 90 173 
composition_eval: 5 68 174 166 226 44 120 7 247 193 20 62 59 73 51 89 64 171 158 133 102 18 196 223 248 230 195 49 5 156 161 239 
composition_eval: 0 195 40 39 3 218 99 81 97 79 103 182 174 9 146 21 152 107 84 211 203 132 164 224 249 230 187 110 85 136 90 67 
composition_eval: 3 36 132 159 173 111 44 174 69 143 248 4 189 215 225 139 100 128 216 107 197 125 97 19 69 156 90 190 78 193 72 146 
composition_eval: 7 189 231 107 42 177 101 188 1 9 0 20 246 243 82 213 54 66 219 114 79 123 212 168 7 72 176 220 204 234 79 124 
composition_eval: 4 210 130 251 104 52 95 92 239 227 218 120 156 11 154 21 75 100 235 30 245 45 171 249 240 73 3 158 81 235 14 24 
composition_eval: 1 28 160 81 128 211 155 164 161 11 252 28 237 96 248 158 98 253 59 216 67 104 192 33 144 212 107 72 70 220 51 20 
composition_eval: 2 2 84 136 41 142 168 25 184 207 182 15 70 127 242 182 89 248 242 252 167 43 230 217 155 83 4 230 46 9 153 229 
composition_eval: 6 3 26 24 192 139 151 66 172 41 17 90 219 17 45 160 70 3 160 91 100 134 238 155 135 42 77 54 19 217 189 34 
composition_eval: 3 2 159 55 87 15 202 201 8 240 93 9 173 57 71 235 219 173 128 221 252 7 121 43 209 208 239 203 146 97 59 65 
composition_eval: 6 154 212 162 251 90 223 40 217 41 249 47 169 94 60 124 47 128 139 33 161 209 205 114 24 131 109 189 35 168 164 17 
composition_eval: 4 136 202 110 13 73 95 20 220 135 3 39 46 120 148 158 182 105 136 14 197 140 252 16 252 11 182 41 71 158 112 231 
composition_eval: 2 156 19 248 69 230 98 67 212 100 216 42 241 85 105 210 232 46 174 155 89 109 0 131 193 174 252 66 172 121 29 228 
composition_eval: 1 176 223 25 97 250 123 228 178 128 157 163 150 191 64 52 216 23 222 244 27 118 34 114 74 97 87 184 48 91 250 62 
composition_eval: 7 72 161 222 77 8 62 104 86 251 131 148 21 217 122 43 198 128 190 48 85 19 149 55 184 86 218 85 80 175 183 227 
composition_eval: 6 217 234 247 72 203 56 35 74 50 86 247 48 174 119 177 182 32 252 11 73 185 21 22 76 141 67 67 161 129 223 1 
composition_eval: 4 183 25 47 113 47 238 159 220 17 192 3 188 244 38 242 2 193 47 67 74 77 38 252 1 134 56 115 21 1 218 217 
composition_eval: 4 33 95 70 185 184 128 208 70 228 30 245 75 156 85 238 138 122 15 42 139 79 78 46 204 63 126 172 33 48 102 56 
composition_eval: 2 122 31 238 76 250 152 51 107 101 127 62 73 187 208 143 159 200 13 178 173 6 170 225 21 155 140 2 40 69 250 54 
composition_eval: 0 171 138 162 80 154 12 41 130 218 240 12 57 74 248 87 118 25 3 91 111 247 120 216 76 34 102 106 175 59 85 71 
composition_eval: 5 243 184 234 91 242 43 28 146 221 158 69 114 217 28 65 89 124 13 228 118 203 113 52 119 115 100 200 94 90 138 217 
composition_eval: 5 21 95 208 203 143 178 155 167 200 112 27 107 140 8 104 248 65 123 35 82 48 79 136 5 215 102 204 8 139 207 102 
composition_eval: 5 64 144 178 198 189 177 248 40 110 104 172 241 140 127 242 97 216 174 155 26 249 43 87 229 113 227 25 173 7 111 111 
composition_eval: 0 127 226 209 116 1 85 231 82 169 76 71 90 26 3 67 66 218 143 126 169 216 21 244 147 119 50 81 87 182 34 78 
composition_eval: 4 56 67 35 37 230 204 149 45 164 128 212 88 172 144 50 79 255 205 22 85 71 185 235 114 108 247 209 54 135 83 207 
composition_eval: 3 103 201 79 31 65 9 9 169 198 48 104 191 225 115 27 189 179 76 78 235 90 166 162 163 132 247 219 223 42 209 5 
composition_eval: 3 27 64 48 252 59 80 201 241 240 87 94 218 225 158 40 98 200 148 171 203 147 192 88 111 228 144 13 119 209 246 138 
composition_eval: 3 232 73 136 255 3 142 142 80 102 66 12 137 133 214 32 65 228 207 15 78 215 249 147 35 28 137 86 144 44 131 27 
composition_eval: 2 233 246 123 103 45 173 185 53 229 210 218 197 49 204 228 132 77 14 127 196 128 96 34 27 31 150 23 197 80 59 138 
composition_eval: 6 172 199 183 118 227 14 198 16 49 2 192 44 248 162 228 212 249 136 66 93 255 198 228 36 67 128 64 254 155 99 38 
composition_eval: 3 175 64 31 202 19 57 54 44 19 79 40 57 210 199 105 108 202 42 26 39 135 223 138 143 133 189 225 138 193 91 212 
composition_eval: 0 154 57 134 236 60 233 219 1 4 30 26 50 11 248 21 241 233 56 132 87 157 148 203 253 90 183 190 110 79 124 4 
composition_eval: 5 39 7 68 18 100 84 76 153 156 21 116 74 113 193 12 240 7 234 197 178 136 167 4 105 117 50 90 1 46 75 182 
composition_eval: 6 225 223 112 0 97 183 15 96 92 97 35 217 57 4 180 123 139 42 98 73 229 158 244 176 35 74 194 27 68 168 38 
composition_eval: 5 202 118 129 116 132 92 168 99 82 251 121 242 111 83 14 57 148 138 236 232 204 134 2 152 216 85 119 11 223 176 88 
composition_eval: 3 65 101 208 183 56 0 196 180 217 198 187 52 118 28 158 232 224 123 251 251 30 113 142 56 134 174 131 71 46 88 229 
composition_eval: 3 52 234 204 4 94 106 248 207 30 54 78 230 249 36 60 185 66 20 98 86 129 139 35 186 178 118 248 121 229 42 88 
composition_eval: 4 91 45 227 245 29 215 43 82 40 48 189 173 242 15 200 105 155 243 190 139 133 200 227 207 83 229 27 220 15 29 189 
composition_eval: 2 55 205 86 53 66 217 12 153 94 137 34 241 133 74 240 174 71 194 168 149 202 177 125 19 167 142 147 245 1 159 122 
composition_eval: 1 162 65 69 237 36 168 207 183 236 186 98 142 139 196 248 176 65 112 245 9 50 171 236 109 46 208 1 72 121 226 24 
composition_eval: 6 109 197 13 40 140 66 31 213 178 83 32 118 82 20 226 224 165 78 79 34 82 130 70 30 6 2 68 186 96 73 171 
composition_eval: 6 72 206 9 187 19 129 108 66 61 76 54 172 46 171 103 49 159 243 7 130 177 46 134 17 142 204 119 159 12 145 136 
composition_eval: 7 216 212 254 4 156 108 144 70 29 81 15 158 47 93 248 76 29 164 54 121 52 8 220 181 164 137 164 121 0 128 162 
composition_eval: 5 226 12 31 199 84 206 159 89 245 197 145 51 55 95 29 28 240 27 246 69 6 17 195 7 108 181 186 70 82 209 182 
composition_eval: 4 185 6 184 27 39 173 46 182 230 45 110 188 107 91 89 58 73 155 75 4 60 133 16 56 151 161 27 110 8 18 12 
composition_eval: 0 164 140 198 86 143 15 39 20 254 64 182 221 221 138 66 164 5 237 172 229 145 105 61 52 126 49 13 96 22 29 56 
composition_eval: 4 207 239 26 156 124 79 89 46 221 231 62 16 99 88 183 56 246 140 226 121 217 108 115 4 169 226 195 191 15 202 157 
composition_eval: 7 74 81 128 30 171 224 99 59 180 144 159 118 90 143 54 235 96 77 236 110 79 187 221 100 118 34 154 192 0 113 159 
composition_eval: 0 99 181 112 170 12 38 41 213 53 37 92 134 77 154 217 30 79 7 35 125 160 37 22 22 185 201 121 199 60 207 59 
composition_eval: 4 145 147 221 122 17 225 24 203 84 114 225 122 191 17 145 157 207 174 174 185 155 9 187 18 212 203 142 88 93 179 6 
composition_eval: 0 28 177 29 96 184 15 114 76 61 99 181 61 183 79 168 197 160 29 122 213 40 68 220 71 132 13 128 95 138 246 231 
composition_eval: 2 164 170 174 125 54 114 200 232 141 15 253 92 150 71 179 245 9 88 194 187 231 203 117 158 42 206 74 120 244 113 141 
composition_eval: 5 1 36 135 30 229 44 53 21 184 211 183 5 110 81 123 171 19 251 80 92 253 183 224 163 207 47 191 32 168 56 75 
composition_eval: 4 47 68 228 140 168 206 241 101 244 254 186 55 51 85 59 246 83 249 64 131 84 104 193 25 46 97 97 164 12 115 51 
composition_eval: 4 148 12 80 14 173 78 155 161 165 219 78 184 31 46 249 169 86 112 252 130 173 192 202 145 21 79 79 191 195 167 210 
composition_eval: 2 19 1 85 165 75 123 91 201 55 98 166 1 248 201 85 181 233 69 227 42 28 81 243 65 89 14 36 232 190 167 38 
composition_eval: 1 201 9 24 157 135 96 30 51 197 140 211 157 10 202 208 165 23 133 55 101 65 182 30 84 55 192 0 83 173 52 132 
composition_eval: 1 184 35 89 179 70 242 202 10 138 110 198 56 116 240 6 25 14 223 110 80 43 224 182 27 203 237 50 182 82 147 203 
composition_eval: 4 123 55 10 89 23 190 215 130 73 165 117 124 203 234 126 133 238 150 152 113 190 190 110 243 169 239 137 155 174 2 160 
composition_eval: 0 22 84 121 120 95 135 126 27 176 225 12 45 79 8 184 55 31 69 205 104 130 237 153 26 251 96 152 18 158 55 32 
composition_eval: 0 31 97 97 47 121 149 13 144 14 91 40 80 38 195 229 111 136 39 146 136 133 151 245 190 246 180 218 188 230 73 246 
composition_eval: 2 3 73 137 101 153 237 207 225 253 147 92 139 80 57 246 32 246 223 113 62 212 191 212 201 33 250 94 126 95 12 170 
composition_eval: 2 192 208 119 90 31 128 14 104 167 143 17 131 48 76 115 162 59 86 89 202 76 196 107 10 200 23 117 191 169 150 227 
composition_eval: 4 191 226 253 203 141 209 100 57 200 205 64 69 215 32 76 118 169 164 41 140 217 15 95 4 83 93 1 67 177 153 201 
composition_eval: 0 146 190 226 76 168 149 195 202 209 72 24 120 9 211 188 177 172 118 162 62 71 146 5 139 90 78 55 222 187 66 244 
composition_eval: 6 216 37 192 86 120 216 156 49 153 135 98 18 18 228 75 126 2 169 193 170 194 162 5 174 145 249 112 252 75 120 173 
composition_eval: 0 166 41 26 213 96 29 209 243 51 183 114 219 189 120 199 241 54 143 64 31 73 117 145 69 171 4 84 131 230 240 24 
composition_eval: 7 74 83 249 164 80 186 207 187 38 15 25 42 196 1 166 228 104 103 189 50 255 61 113 61 224 166 40 47 99 175 72 
composition_eval: 2 246 159 212 209 235 77 69 149 122 173 240 120 85 210 70 157 35 161 24 70 23 148 195 197 156 249 148 237 241 44 71 
composition_eval: 6 241 197 136 27 9 48 78 147 101 243 114 97 116 15 176 39 163 253 180 105 224 19 47 221 92 161 123 184 149 134 92 
composition_eval: 6 221 109 245 56 171 49 186 85 163 188 44 49 203 241 48 207 196 108 126 130 32 172 69 217 224 116 82 167 39 74 61 
composition_eval: 5 67 164 20 165 111 180 157 188 55 193 40 160 54 61 183 226 144 105 7 90 224 135 55 177 44 236 221 101 81 122 222 
composition_eval: 1 84 56 76 201 89 131 100 39 255 252 48 30 13 146 46 210 88 114 8 193 148 17 90 82 163 66 67 78 36 125 0 
composition_eval: 0 167 187 240 69 251 209 49 110 220 63 94 136 137 94 120 38 253 127 3 100 143 33 150 84 127 25 133 249 21 139 213 
composition_eval: 3 235 137 248 178 251 98 136 72 84 204 221 180 90 121 206 252 52 22 37 189 62 251 85 248 125 180 250 222 22 172 62 
composition_eval: 5 107 131 229 87 244 137 23 231 118 113 250 84 213 107 189 171 204 237 122 52 130 221 123 63 135 30 109 255 42 219 85 
composition_eval: 2 31 120 182 228 149 190 214 19 43 212 96 214 36 168 115 242 48 28 214 43 239 251 180 41 113 186 16 164 20 177 19 
composition_eval: 5 253 19 205 216 1 104 2 111 5 176 193 31 85 101 147 102 8 255 120 6 225 6 86 108 122 237 159 139 236 44 134 
composition_eval: 1 5 34 153 252 168 85 196 85 183 133 231 248 249 200 88 21 52 170 122 2 196 52 86 118 150 126 226 15 137 11 122 
composition_eval: 3 47 0 115 205 29 120 119 43 247 140 244 136 183 194 116 128 50 229 180 18 196 99 221 208 176 136 52 19 89 85 144 
composition_eval: 1 250 127 83 255 191 186 68 212 28 200 229 12 63 122 64 144 57 147 213 101 64 181 170 42 80 54 168 22 32 187 14 
composition_eval: 2 152 134 239 7 162 3 155 169 165 162 221 134 172 225 23 231 225 149 197 7 229 137 78 133 28 206 155 142 99 223 8 
composition_eval: 0 216 140 250 73 162 45 136 77 246 81 175 81 120 144 34 126 26 223 124 174 96 205 243 186 97 95 83 5 238 214 20 
composition_eval: 1 239 11 178 189 43 105 68 192 198 167 19 2 198 14 93 237 45 1 200 223 15 30 93 48 95 55 227 28 97 143 17 
composition_eval: 4 86 95 79 149 74 207 94 152 74 79 159 54 46 190 165 193 44 255 137 167 246 220 157 4 82 226 43 32 95 15 156 
composition_eval: 4 185 13 139 71 7 201 138 118 40 174 123 66 148 204 223 242 99 124 104 89 173 134 33 140 103 132 127 144 100 180 119 
composition_eval: 0 223 193 247 30 104 232 12 249 41 88 133 109 4 224 127 32 168 119 175 3 175 133 24 159 84 176 30 0 147 85 187 
composition_eval: 3 45 3 56 163 246 111 197 169 245 96 227 224 16 84 169 149 21 58 154 151 119 240 89 15 2 132 91 132 162 122 71 
composition_eval: 4 24 249 137 235 100 89 86 52 114 49 182 206 42 107 21 212 94 157 47 30 53 172 200 71 76 43 19 14 207 91 36 
composition_eval: 7 16 236 206 115 76 192 214 126 119 144 210 227 107 105 243 125 82 136 162 67 80 180 25 194 226 103 212 234 110 21 67 
composition_eval: 1 111 14 34 46 101 94 153 205 10 81 187 52 47 15 74 50 160 226 179 207 33 199 147 24 87 234 198 28 217 91 51 
composition_eval: 7 192 135 150 80 59 173 80 204 203 246 66 251 164 160 240 210 80 0 25 157 163 239 230 78 91 240 201 8 194 24 114 
composition_eval: 1 212 103 95 18 3 16 198 205 240 94 133 57 48 173 7 254 228 114 29 238 84 43 238 218 175 142 113 19 73 146 222 
composition_eval: 7 169 236 120 217 179 3 193 162 154 149 45 187 98 11 67 103 54 58 112 162 198 118 71 237 9 22 85 195 100 56 15 
composition_eval: 3 143 219 119 133 202 184 144 149 46 234 58 210 100 0 226 65 95 100 13 97 108 197 27 45 44 201 229 60 137 202 168 
composition_eval: 6 160 221 197 123 69 157 130 78 44 154 222 171 246 48 238 27 117 180 77 118 59 98 21 247 118 226 143 101 58 199 71 
composition_eval: 6 200 195 39 247 74 175 29 10 86 186 209 154 220 194 20 65 181 147 82 251 9 81 86 132 188 32 110 213 198 86 181 
composition_eval: 4 50 189 101 179 87 75 11 155 21 216 185 182 233 191 89 157 211 201 209 206 74 201 28 198 202 210 223 107 75 174 41 
composition_eval: 1 125 124 185 110 150 172 167 242 60 99 74 69 12 128 251 140 44 118 195 15 251 119 163 186 245 233 208 241 179 172 193 
composition_eval: 2 219 235 47 5 117 104 180 11 63 119 226 252 148 142 245 94 159 17 23 148 159 53 119 110 204 216 232 36 150 144 146 
composition_eval: 6 14 194 205 120 74 145 156 194 147 43 188 131 246 233 215 196 164 6 246 247 119 86 3 132 52 21 154 10 133 16 217 
composition_eval: 7 244 82 131 53 165 98 187 90 219 180 140 212 241 237 192 148 225 46 12 188 134 64 110 21 73 226 157 159 244 45 67 
composition_eval: 0 139 75 46 182 105 12 27 222 234 141 157 141 71 227 23 68 252 194 223 186 177 5 248 243 76 155 200 126 174 179 68 
composition_eval: 5 10 164 21 14 196 73 134 244 107 20 104 35 55 108 103 127 92 252 252 18 233 173 250 229 54 240 244 91 174 199 54 
composition_eval: 4 148 237 204 120 78 26 229 45 223 248 53 139 143 90 94 119 194 120 158 99 240 153 133 68 167 153 160 253 31 165 80 
composition_eval: 3 57 22 36 155 222 131 210 180 119 199 165 160 75 81 173 86 79 88 76 198 175 205 78 248 38 80 249 251 106 30 53 
composition_eval: 0 120 166 98 9 43 193 17 81 109 4 133 76 0 239 83 119 242 103 213 129 127 105 158 91 164 242 71 173 31 57 132 
composition_eval: 4 80 214 51 72 140 185 20 233 153 52 133 67 155 158 3 94 195 118 151 47 199 182 210 159 194 72 123 74 143 224 249 
composition_eval: 5 69 177 157 213 251 159 193 30 222 238 226 220 232 54 128 122 155 198 120 45 103 229 170 160 157 96 43 166 18 180 128 
composition_eval: 4 138 132 102 84 30 205 205 107 68 215 250 56 226 52 221 239 222 58 16 118 202 143 133 222 30 45 126 167 202 162 203 
composition_eval: 2 20 1 157 137 22 242 97 119 36 37 34 99 129 78 107 244 125 3 13 119 129 22 35 19 1 60 141 198 216 140 103 
composition_eval: 3 245 153 144 134 12 185 211 1 13 195 31 26 15 220 116 17 51 235 132 16 50 48 211 73 127 97 81 176 21 157 4 
composition_eval: 5 108 229 22 76 56 237 23 206 95 147 20 3 45 152 142 138 182 190 192 49 127 210 45 220 197 97 33 232 20 215 111 
composition_eval: 4 184 214 65 43 30 54 100 44 207 67 28 167 86 121 192 41 143 68 133 9 50 117 5 7 133 238 109 196 213 173 144 
composition_eval: 3 196 206 249 75 148 91 221 167 166 172 161 213 15 91 13 246 17 176 14 130 96 7 110 221 205 9 15 203 117 196 10 
composition_eval: 1 230 30 108 111 238 32 123 179 109 244 178 209 7 233 155 158 86 245 214 168 36 199 75 56 242 166 29 228 228 162 219 
composition_eval: 5 241 113 59 62 96 133 61 195 156 11 117 130 222 205 148 169 173 50 189 191 137 80 190 190 85 29 32 78 168 169 216 
composition_eval: 5 127 81 114 169 48 156 218 141 54 159 110 18 125 53 185 237 149 252 98 23 92 171 96 25 106 159 109 207 6 151 32 
composition_eval: 1 57 27 145 129 165 169 249 223 56 80 213 83 33 68 251 214 55 108 30 248 191 120 2 68 75 123 112 18 220 20 198 
composition_eval: 3 173 30 237 75 11 13 150 201 77 45 130 100 243 59 50 241 241 253 28 247 49 115 1 219 185 144 23 188 71 175 237 
composition_eval: 1 115 97 125 145 234 177 98 7 204 86 250 127 237 118 187 137 136 175 119 73 242 5 108 14 7 240 246 160 157 0 3 
composition_eval: 0 184 4 97 251 56 73 18 35 169 64 142 24 41 233 31 19 102 109 131 99 20 92 99 191 190 96 158 250 17 196 183 
composition_eval: 4 75 23 134 245 4 160 91 51 90 203 178 31 107 38 241 208 211 208 161 154 40 123 244 140 37 66 107 102 41 32 232 
composition_eval: 1 125 7 254 67 173 79 233 177 248 67 14 195 236 145 10 121 2 101 176 42 251 239 14 59 237 42 6 233 144 81 178 
composition_eval: 5 32 169 225 97 83 66 71 247 112 184 8 172 208 253 98 85 30 20 241 191 52 131 192 96 170 249 51 162 228 215 232 
composition_eval: 2 123 188 238 234 247 180 51 169 224 26 64 122 153 188 253 213 25 158 56 189 65 199 126 252 65 1 83 150 198 55 204 
composition_eval: 3 87 141 11 38 28 60 164 61 75 122 178 153 154 48 57 51 87 122 234 126 198 138 94 29 118 97 5 19 208 43 44 
composition_eval: 7 199 246 45 18 216 85 232 152 252 221 17 196 164 33 71 154 59 46 32 252 245 213 251 189 89 123 199 235 196 92 211 
composition_eval: 1 144 5 133 8 185 242 67 61 182 42 5 216 231 218 212 252 169 87 90 254 64 87 99 46 240 243 250 96 78 138 96 
composition_eval: 5 109 102 73 92 24 143 76 135 22 195 100 42 102 39 134 33 201 105 237 65 127 124 137 115 242 24 59 26 167 113 236 
composition_eval: 0 19 196 68 132 35 19 169 96 27 34 97 35 62 42 150 104 139 20 73 135 175 81 214 150 89 57 219 222 86 180 98 
composition_eval: 2 174 70 163 247 131 47 137 19 243 47 177 188 182 107 201 244 186 32 70 77 215 131 196 117 194 86 43 22 144 216 100 
composition_eval: 5 15 79 60 220 219 105 223 0 37 144 13 133 198 138 202 91 6 248 86 15 99 33 196 186 248 80 94 120 54 122 19 
composition_eval: 7 180 90 1 232 140 215 222 181 13 216 52 226 173 16 158 21 89 59 171 138 127 27 104 156 247 231 212 248 164 99 182 
composition_eval: 2 1 48 120 59 236 237 169 145 39 238 144 79 152 214 10 97 221 248 192 254 159 48 83 125 3 104 139 148 147 45 188 
composition_eval: 5 161 153 174 35 170 131 36 208 81 217 248 38 44 112 149 68 23 145 221 116 241 130 57 83 201 94 86 78 53 212 6 
composition_eval: 2 81 75 85 118 96 28 228 127 134 210 182 186 53 15 166 220 211 180 22 180 47 228 230 134 151 211 62 97 124 191 231 
composition_eval: 2 222 184 50 188 59 115 230 69 146 222 249 217 131 224 197 121 95 222 62 28 229 10 211 33 79 225 242 159 248 253 172 
composition_eval: 5 45 72 36 53 177 231 225 49 87 6 196 80 126 100 20 99 247 128 159 86 154 171 225 50 101 105 235 250 33 42 161 
composition_eval: 4 104 131 33 16 234 39 253 135 211 244 22 33 115 224 176 113 251 245 20 118 33 168 145 209 206 33 150 222 92 43 79 
composition_eval: 2 104 8 236 250 99 61 204 130 20 139 230 88 148 37 123 43 124 122 183 178 123 7 159 255 105 26 178 191 98 227 56 
composition_eval: 6 64 232 186 174 97 159 101 60 210 94 31 168 127 195 252 242 166 186 39 99 29 179 2 183 153 13 87 28 130 171 26 
composition_eval: 2 120 64 223 183 93 167 60 181 217 15 115 69 209 199 152 57 94 189 1 118 197 200 244 160 15 213 159 209 128 196 192 
composition_eval: 7 24 81 185 125 183 99 98 125 110 53 119 121 45 178 123 182 128 251 13 52 1 18 22 195 44 165 126 100 178 89 59 
composition_eval: 1 224 253 49 118 251 164 176 223 20 221 64 214 240 121 246 56 18 184 221 86 172 177 133 70 103 178 248 70 77 104 81 
composition_eval: 0 229 207 35 80 53 29 137 82 199 207 253 136 26 75 201 112 203 124 193 206 180 163 70 99 12 59 41 190 150 34 72 
composition_eval: 7 187 120 75 146 49 33 139 36 85 49 157 46 39 24 192 174 21 12 211 223 79 30 198 218 192 228 9 5 117 27 239 
composition_eval: 7 34 111 167 206 153 38 128 26 73 182 114 141 60 224 71 34 202 162 124 239 154 32 94 253 158 194 81 117 42 215 170 
composition_eval: 4 63 1 223 197 62 53 123 100 128 211 153 249 58 150 163 79 62 71 18 252 77 9 168 128 55 105 118 139 77 180 218 
composition_eval: 2 97 105 172 228 203 24 25 145 217 4 22 41 85 168 23 68 222 152 134 167 205 149 235 130 246 197 84 96 189 114 108 
composition_eval: 4 244 31 1 52 218 44 190 93 134 125 248 213 232 61 50 239 91 248 166 180 99 3 121 125 220 155 111 250 214 121 244 
composition_eval: 3 193 123 192 43 231 73 42 128 23 80 14 52 236 249 148 161 228 203 123 152 55 255 31 223 182 241 250 167 66 110 98 
composition_eval: 3 250 143 238 151 42 102 137 0 160 160 128 91 47 95 163 171 31 49 206 182 182 208 213 10 217 68 76 212 253 93 131 
composition_eval: 4 253 19 189 127 44 9 231 91 25 119 211 65 113 124 180 129 19 218 16 138 15 58 81 176 11 117 181 209 239 216 52 
composition_eval: 1 151 204 43 112 162 222 217 87 161 143 59 49 27 61 199 213 208 19 29 155 11 171 55 124 19 23 127 134 83 238 192 
composition_eval: 5 71 234 17 225 79 58 174 109 131 46 159 66 111 162 113 2 122 66 61 159 128 252 224 247 177 26 163 18 242 155 210 
composition_eval: 1 133 119 28 218 61 218 162 234 4 227 84 198 200 168 56 5 78 201 12 228 232 58 113 49 3 89 141 96 235 210 101 
composition_eval: 2 227 167 213 100 121 121 110 222 90 93 6 81 158 182 52 212 104 165 199 11 183 236 59 171 36 81 150 74 110 9 105 
composition_eval: 1 242 166 248 182 210 183 5 50 144 219 0 177 219 92 158 11 77 47 44 75 153 133 88 100 226 206 117 108 227 11 192 
composition_eval: 6 174 6 24 162 39 24 210 82 24 219 210 14 91 225 231 102 171 252 209 82 8 142 62 138 72 87 95 83 100 146 192 
composition_eval: 3 249 179 174 186 243 33 214 107 208 163 57 138 42 66 245 220 174 226 144 157 132 164 87 9 243 117 161 250 200 44 222 
composition_eval: 5 195 241 144 93 69 92 159 205 234 60 113 217 142 37 210 53 67 181 60 144 41 96 68 106 36 85 37 71 211 202 175 
composition_eval: 1 109 156 245 123 251 236 34 96 0 64 226 198 103 62 193 204 94 156 99 180 113 179 118 252 11 139 24 220 240 94 98 
composition_eval: 4 152 161 198 47 54 113 245 252 191 40 250 104 29 2 136 171 213 1 191 228 192 53 230 183 162 234 237 200 250 127 121 
composition_eval: 5 55 70 2 165 105 245 136 135 31 28 214 104 105 207 240 112 167 161 95 232 40 167 230 149 168 167 123 146 130 152 173 
composition_eval: 4 71 144 87 70 78 142 177 6 18 206 47 197 235 5 19 5 8 179 200 133 32 53 71 125 94 46 52 173 242 235 166 
composition_eval: 4 110 156 233 102 24 211 39 96 83 83 248 204 216 40 50 62 27 118 154 77 255 58 44 36 45 48 125 118 58 129 15 
composition_eval: 0 181 242 190 185 9 32 11 43 56 33 55 44 45 90 19 80 100 33 109 183 191 186 232 204 144 183 228 117 183 49 237 
composition_eval: 0 236 38 190 96 130 248 158 13 140 130 4 122 128 191 244 237 32 206 237 97 15 111 153 197 58 167 57 211 161 191 155 
composition_eval: 6 90 154 229 113 187 50 113 174 203 177 176 51 64 59 78 170 103 72 79 119 52 93 132 32 199 194 10 160 143 246 84 
composition_eval: 5 72 19 82 226 150 150 49 64 188 133 74 3 12 156 211 76 157 121 211 146 238 221 103 17 182 63 77 39 63 240 255 
composition_eval: 1 76 240 255 94 150 210 181 141 188 69 159 189 11 85 186 25 173 246 236 227 75 201 188 146 138 238 217 138 71 253 31 
composition_eval: 6 16 255 99 42 67 254 79 18 189 255 200 217 219 83 166 125 64 123 20 143 120 211 94 121 58 232 90 1 71 190 104 
composition_eval: 3 126 241 242 136 126 26 142 241 144 94 10 99 166 25 13 190 149 179 177 183 119 2 40 175 204 194 187 52 193 160 94 
composition_eval: 2 230 66 137 46 83 91 126 108 51 253 119 193 192 215 228 150 193 138 193 249 17 87 178 48 170 181 105 222 189 37 137 
composition_eval: 7 227 177 238 82 49 211 37 223 52 53 232 45 124 102 227 132 252 67 168 183 45 252 32 77 177 249 143 244 158 56 149 
composition_eval: 1 11 119 59 231 74 160 1 23 133 226 205 69 245 200 16 140 159 20 31 224 87 82 196 12 236 22 108 103 176 15 166 
composition_eval: 0 52 202 59 88 242 95 165 106 24 62 80 11 219 18 99 195 15 133 142 22 39 114 241 143 71 172 26 9 237 210 140 
composition_eval: 1 33 59 105 232 30 42 139 110 119 12 44 87 10 236 19 156 48 100 222 47 175 102 89 35 126 0 90 88 36 89 234 
composition_eval: 4 247 60 87 32 249 53 231 72 127 129 77 7 139 196 146 164 195 112 29 1 123 205 153 253 207 19 246 104 69 218 83 
n_breaks: 2 Lde and Commit on Broken.
0x14446dc45a045db7a2800bdde0512c81280bcbadc51346870e7f5bc5d50eda15 
0x638f376e7c3a97babb8b62dfe3fa24fe04735bf3538b88abe730c743016cb6e5 
0x4c8cc8abfa383a5c56686c5969a5299a67099f7a941cbd94b3b5341a9d896c44 
0xb4a27781df726dec80170553aebbad85b1619b1780f65a1c88474e67389adb42 
0x8eaf999269db4aa780db6f8a4ee369564cadeea1db00c885bc1ef0816a38e05d 
0x4b8c963ce71c48e040b203e5c5d0349dda9fa7c50dfca8cd8b8cf488b3ee8480 
0xa936f9e78418043cb4096215f669c19f365aac75dee3ac57bbe92b9a0c41d83a 
0x714940ee22c3fc871ff7d0d6d3c9704b2c6e145deaa039531b9f3b47f83f88a3 
[33mStarting: Compiling program...[0m
[36mCommand: cairo-compile program.cairo --output program_compiled.json --proof_mode[0m
[32mSuccess: Compiling program completed!
[0m
[33mStarting: Running program program...[0m
[36mCommand: cairo-run     --program=program_compiled.json     --layout=plain     --air_public_input=program_public_input.json     --air_private_input=program_private_input.json     --trace_file=program_trace.bin     --memory_file=program_memory.bin     --print_output     --proof_mode[0m
[32mSuccess: Running program program completed!
[0m
[33mStarting: Proving program program...[0m
[36mCommand: ../cpu_air_prover     --out_file=../program_proof.json     --private_input_file=program_private_input.json     --public_input_file=program_public_input.json     --prover_config_file=cpu_air_prover_config.json     --parameter_file=cpu_air_params.json     -generate_annotations[0m
[32mSuccess: Proving program program completed!
[0m
